WTref_232_Model_1_24-438.txt	1776.80	-181.87	-26.48	-495.78	-0.71	715.55	-636.59	1243.46	211.18	780.51	0.00	0.00	6.06	162.06	556.56	-0.92	0.00	0.00	0.00	0.00	0.34	0.00
GLY_232_Model_1_24-438.txt	1777.53	-181.15	-25.76	-494.88	-0.56	714.26	-635.55	1243.45	209.99	780.70	0.00	0.00	6.06	161.55	556.31	-0.92	0.00	0.00	0.00	0.00	0.34	0.00
ALA_232_Model_1_24-438.txt	1777.91	-181.15	-25.76	-495.04	-0.56	714.55	-635.72	1243.45	210.00	781.09	0.00	0.00	6.06	161.58	556.39	-0.92	0.00	0.00	0.00	0.00	0.34	0.00
LEU_232_Model_1_24-438.txt	1776.93	-181.19	-25.76	-495.96	-0.56	715.58	-637.09	1243.46	210.47	780.69	0.00	0.00	6.06	161.82	556.64	-0.92	0.00	0.00	0.00	0.00	0.34	0.00
VAL_232_Model_1_24-438.txt	1778.25	-181.16	-25.76	-495.53	-0.56	715.30	-636.30	1244.17	210.16	780.85	0.00	0.00	6.06	161.60	556.55	-0.92	0.00	0.00	0.00	0.00	0.34	0.00
ILE_232_Model_1_24-438.txt	1777.52	-181.16	-25.76	-495.58	-0.56	715.20	-636.49	1243.45	210.26	780.61	0.00	0.00	6.06	162.08	556.49	-0.92	0.00	0.00	0.00	0.00	0.34	0.00
PRO_232_Model_1_24-438.txt	1778.54	-179.94	-25.76	-495.65	-0.56	714.99	-636.73	1246.04	210.35	778.73	0.00	0.00	6.06	161.61	555.14	-0.92	0.00	0.00	0.00	0.00	0.34	0.00
ARG_232_Model_1_24-438.txt	1776.81	-181.87	-26.48	-495.79	-0.71	715.55	-636.60	1243.46	211.19	780.51	0.00	0.00	6.06	162.08	556.56	-0.92	0.00	0.00	0.00	0.00	0.34	0.00
THR_232_Model_1_24-438.txt	1776.95	-181.74	-26.40	-495.33	-0.56	715.17	-635.94	1243.45	210.56	780.65	0.00	0.00	6.06	161.60	556.49	-0.92	0.00	0.00	0.00	0.00	0.34	0.00
SER_232_Model_1_24-438.txt	1777.06	-181.74	-26.40	-495.19	-0.56	714.95	-635.75	1243.45	210.53	780.67	0.00	0.00	6.06	161.61	556.41	-0.92	0.00	0.00	0.00	0.00	0.34	0.00
CYS_232_Model_1_24-438.txt	1777.53	-181.23	-25.88	-495.36	-0.56	714.91	-636.06	1243.45	210.30	780.87	0.00	0.00	6.06	161.62	556.47	-0.92	0.00	0.00	0.00	0.00	0.34	0.00
MET_232_Model_1_24-438.txt	1776.86	-181.19	-25.76	-496.08	-0.56	715.60	-637.34	1243.46	210.61	781.00	0.00	0.00	6.06	161.64	556.67	-0.92	0.00	0.00	0.00	0.00	0.34	0.00
LYS_232_Model_1_24-438.txt	1777.02	-181.17	-25.76	-495.60	-0.64	715.20	-636.55	1243.45	210.37	780.65	0.00	0.00	6.06	161.60	556.49	-0.92	0.00	0.00	0.00	0.00	0.34	0.00
GLU_232_Model_1_24-438.txt	1777.37	-181.16	-25.76	-495.39	-0.56	714.95	-636.19	1243.45	210.20	780.78	0.00	0.00	6.06	161.59	556.43	-0.92	0.00	0.00	0.00	0.00	0.34	0.00
GLN_232_Model_1_24-438.txt	1777.03	-181.55	-26.15	-495.50	-0.56	715.19	-636.25	1243.45	210.61	780.67	0.00	0.00	6.06	161.63	556.52	-0.92	0.00	0.00	0.00	0.00	0.34	0.00
ASP_232_Model_1_24-438.txt	1777.32	-181.15	-25.76	-495.12	-0.50	714.66	-635.82	1243.45	210.05	780.45	0.00	0.00	6.06	161.58	556.38	-0.92	0.00	0.00	0.00	0.00	0.34	0.00
ASN_232_Model_1_24-438.txt	1776.65	-181.74	-26.38	-495.53	-0.56	715.40	-636.15	1243.45	210.76	780.15	0.00	0.00	6.06	161.76	556.52	-0.92	0.00	0.00	0.00	0.00	0.34	0.00
TRP_232_Model_1_24-438.txt	1776.85	-181.19	-25.76	-496.14	-0.56	715.73	-637.23	1243.47	210.65	780.80	0.00	0.00	6.06	161.61	556.67	-0.92	0.00	0.00	0.00	0.00	0.34	0.00
TYR_232_Model_1_24-438.txt	1776.59	-181.19	-25.76	-496.13	-0.56	715.54	-637.27	1243.47	210.66	780.77	0.00	0.00	6.06	161.59	556.54	-0.92	0.00	0.00	0.00	0.00	0.34	0.00
PHE_232_Model_1_24-438.txt	1776.41	-181.19	-25.76	-496.24	-0.56	715.59	-637.46	1243.51	210.70	780.76	0.00	0.00	6.06	161.59	556.70	-0.92	0.00	0.00	0.00	0.00	0.34	0.00
HIS_232_Model_1_24-438.txt	1777.10	-181.61	-26.22	-495.90	-0.56	715.91	-636.59	1243.46	210.93	780.51	0.00	0.00	6.06	161.62	556.61	-0.92	0.00	0.00	0.00	0.00	0.42	0.00
WTref_232_Model_1_24-438.txt	1776.80	-181.87	-26.48	-495.78	-0.71	715.55	-636.59	1243.46	211.18	780.51	0.00	0.00	6.06	162.06	556.56	-0.92	0.00	0.00	0.00	0.00	0.34	0.00
GLY_232_Model_1_24-438.txt	1777.53	-181.15	-25.76	-494.88	-0.56	714.26	-635.55	1243.45	209.99	780.70	0.00	0.00	6.06	161.55	556.31	-0.92	0.00	0.00	0.00	0.00	0.34	0.00
ALA_232_Model_1_24-438.txt	1777.91	-181.15	-25.76	-495.04	-0.56	714.55	-635.72	1243.45	210.00	781.09	0.00	0.00	6.06	161.58	556.39	-0.92	0.00	0.00	0.00	0.00	0.34	0.00
LEU_232_Model_1_24-438.txt	1776.93	-181.19	-25.76	-495.96	-0.56	715.58	-637.09	1243.46	210.47	780.69	0.00	0.00	6.06	161.82	556.64	-0.92	0.00	0.00	0.00	0.00	0.34	0.00
VAL_232_Model_1_24-438.txt	1778.25	-181.16	-25.76	-495.53	-0.56	715.30	-636.30	1244.17	210.16	780.85	0.00	0.00	6.06	161.60	556.55	-0.92	0.00	0.00	0.00	0.00	0.34	0.00
ILE_232_Model_1_24-438.txt	1777.52	-181.16	-25.76	-495.58	-0.56	715.20	-636.49	1243.45	210.26	780.61	0.00	0.00	6.06	162.08	556.49	-0.92	0.00	0.00	0.00	0.00	0.34	0.00
PRO_232_Model_1_24-438.txt	1778.54	-179.94	-25.76	-495.65	-0.56	714.99	-636.73	1246.04	210.35	778.73	0.00	0.00	6.06	161.61	555.14	-0.92	0.00	0.00	0.00	0.00	0.34	0.00
ARG_232_Model_1_24-438.txt	1776.81	-181.87	-26.48	-495.79	-0.71	715.55	-636.60	1243.46	211.19	780.51	0.00	0.00	6.06	162.08	556.56	-0.92	0.00	0.00	0.00	0.00	0.34	0.00
THR_232_Model_1_24-438.txt	1776.95	-181.74	-26.40	-495.33	-0.56	715.17	-635.94	1243.45	210.56	780.65	0.00	0.00	6.06	161.60	556.49	-0.92	0.00	0.00	0.00	0.00	0.34	0.00
SER_232_Model_1_24-438.txt	1777.06	-181.74	-26.40	-495.19	-0.56	714.95	-635.75	1243.45	210.53	780.67	0.00	0.00	6.06	161.61	556.41	-0.92	0.00	0.00	0.00	0.00	0.34	0.00
CYS_232_Model_1_24-438.txt	1777.53	-181.23	-25.88	-495.36	-0.56	714.91	-636.06	1243.45	210.30	780.87	0.00	0.00	6.06	161.62	556.47	-0.92	0.00	0.00	0.00	0.00	0.34	0.00
MET_232_Model_1_24-438.txt	1776.86	-181.19	-25.76	-496.08	-0.56	715.60	-637.34	1243.46	210.61	781.00	0.00	0.00	6.06	161.64	556.67	-0.92	0.00	0.00	0.00	0.00	0.34	0.00
LYS_232_Model_1_24-438.txt	1777.02	-181.17	-25.76	-495.60	-0.64	715.20	-636.55	1243.45	210.37	780.65	0.00	0.00	6.06	161.60	556.49	-0.92	0.00	0.00	0.00	0.00	0.34	0.00
GLU_232_Model_1_24-438.txt	1777.37	-181.16	-25.76	-495.39	-0.56	714.95	-636.19	1243.45	210.20	780.78	0.00	0.00	6.06	161.59	556.43	-0.92	0.00	0.00	0.00	0.00	0.34	0.00
GLN_232_Model_1_24-438.txt	1777.03	-181.55	-26.15	-495.50	-0.56	715.19	-636.25	1243.45	210.61	780.67	0.00	0.00	6.06	161.63	556.52	-0.92	0.00	0.00	0.00	0.00	0.34	0.00
ASP_232_Model_1_24-438.txt	1777.32	-181.15	-25.76	-495.12	-0.50	714.66	-635.82	1243.45	210.05	780.45	0.00	0.00	6.06	161.58	556.38	-0.92	0.00	0.00	0.00	0.00	0.34	0.00
ASN_232_Model_1_24-438.txt	1776.65	-181.74	-26.38	-495.53	-0.56	715.40	-636.15	1243.45	210.76	780.15	0.00	0.00	6.06	161.76	556.52	-0.92	0.00	0.00	0.00	0.00	0.34	0.00
TRP_232_Model_1_24-438.txt	1776.85	-181.19	-25.76	-496.14	-0.56	715.73	-637.23	1243.47	210.65	780.80	0.00	0.00	6.06	161.61	556.67	-0.92	0.00	0.00	0.00	0.00	0.34	0.00
TYR_232_Model_1_24-438.txt	1776.59	-181.19	-25.76	-496.13	-0.56	715.54	-637.27	1243.47	210.66	780.77	0.00	0.00	6.06	161.59	556.54	-0.92	0.00	0.00	0.00	0.00	0.34	0.00
PHE_232_Model_1_24-438.txt	1776.41	-181.19	-25.76	-496.24	-0.56	715.59	-637.46	1243.51	210.70	780.76	0.00	0.00	6.06	161.59	556.70	-0.92	0.00	0.00	0.00	0.00	0.34	0.00
HIS_232_Model_1_24-438.txt	1777.10	-181.61	-26.22	-495.90	-0.56	715.91	-636.59	1243.46	210.93	780.51	0.00	0.00	6.06	161.62	556.61	-0.92	0.00	0.00	0.00	0.00	0.42	0.00
WTref_232_Model_1_24-438.txt	1776.80	-181.87	-26.48	-495.78	-0.71	715.55	-636.59	1243.46	211.18	780.51	0.00	0.00	6.06	162.06	556.56	-0.92	0.00	0.00	0.00	0.00	0.34	0.00
GLY_232_Model_1_24-438.txt	1777.53	-181.15	-25.76	-494.88	-0.56	714.26	-635.55	1243.45	209.99	780.70	0.00	0.00	6.06	161.55	556.31	-0.92	0.00	0.00	0.00	0.00	0.34	0.00
ALA_232_Model_1_24-438.txt	1777.91	-181.15	-25.76	-495.04	-0.56	714.55	-635.72	1243.45	210.00	781.09	0.00	0.00	6.06	161.58	556.39	-0.92	0.00	0.00	0.00	0.00	0.34	0.00
LEU_232_Model_1_24-438.txt	1776.93	-181.19	-25.76	-495.96	-0.56	715.58	-637.09	1243.46	210.47	780.69	0.00	0.00	6.06	161.82	556.64	-0.92	0.00	0.00	0.00	0.00	0.34	0.00
VAL_232_Model_1_24-438.txt	1778.25	-181.16	-25.76	-495.53	-0.56	715.30	-636.30	1244.17	210.16	780.85	0.00	0.00	6.06	161.60	556.55	-0.92	0.00	0.00	0.00	0.00	0.34	0.00
ILE_232_Model_1_24-438.txt	1777.52	-181.16	-25.76	-495.58	-0.56	715.20	-636.49	1243.45	210.26	780.61	0.00	0.00	6.06	162.08	556.49	-0.92	0.00	0.00	0.00	0.00	0.34	0.00
PRO_232_Model_1_24-438.txt	1778.54	-179.94	-25.76	-495.65	-0.56	714.99	-636.73	1246.04	210.35	778.73	0.00	0.00	6.06	161.61	555.14	-0.92	0.00	0.00	0.00	0.00	0.34	0.00
ARG_232_Model_1_24-438.txt	1776.81	-181.87	-26.48	-495.79	-0.71	715.55	-636.60	1243.46	211.19	780.51	0.00	0.00	6.06	162.08	556.56	-0.92	0.00	0.00	0.00	0.00	0.34	0.00
THR_232_Model_1_24-438.txt	1776.95	-181.74	-26.40	-495.33	-0.56	715.17	-635.94	1243.45	210.56	780.65	0.00	0.00	6.06	161.60	556.49	-0.92	0.00	0.00	0.00	0.00	0.34	0.00
SER_232_Model_1_24-438.txt	1777.06	-181.74	-26.40	-495.19	-0.56	714.95	-635.75	1243.45	210.53	780.67	0.00	0.00	6.06	161.61	556.41	-0.92	0.00	0.00	0.00	0.00	0.34	0.00
CYS_232_Model_1_24-438.txt	1777.53	-181.23	-25.88	-495.36	-0.56	714.91	-636.06	1243.45	210.30	780.87	0.00	0.00	6.06	161.62	556.47	-0.92	0.00	0.00	0.00	0.00	0.34	0.00
MET_232_Model_1_24-438.txt	1776.86	-181.19	-25.76	-496.08	-0.56	715.60	-637.34	1243.46	210.61	781.00	0.00	0.00	6.06	161.64	556.67	-0.92	0.00	0.00	0.00	0.00	0.34	0.00
LYS_232_Model_1_24-438.txt	1777.02	-181.17	-25.76	-495.60	-0.64	715.20	-636.55	1243.45	210.37	780.65	0.00	0.00	6.06	161.60	556.49	-0.92	0.00	0.00	0.00	0.00	0.34	0.00
GLU_232_Model_1_24-438.txt	1777.37	-181.16	-25.76	-495.39	-0.56	714.95	-636.19	1243.45	210.20	780.78	0.00	0.00	6.06	161.59	556.43	-0.92	0.00	0.00	0.00	0.00	0.34	0.00
GLN_232_Model_1_24-438.txt	1777.03	-181.55	-26.15	-495.50	-0.56	715.19	-636.25	1243.45	210.61	780.67	0.00	0.00	6.06	161.63	556.52	-0.92	0.00	0.00	0.00	0.00	0.34	0.00
ASP_232_Model_1_24-438.txt	1777.32	-181.15	-25.76	-495.12	-0.50	714.66	-635.82	1243.45	210.05	780.45	0.00	0.00	6.06	161.58	556.38	-0.92	0.00	0.00	0.00	0.00	0.34	0.00
ASN_232_Model_1_24-438.txt	1776.65	-181.74	-26.38	-495.53	-0.56	715.40	-636.15	1243.45	210.76	780.15	0.00	0.00	6.06	161.76	556.52	-0.92	0.00	0.00	0.00	0.00	0.34	0.00
TRP_232_Model_1_24-438.txt	1776.85	-181.19	-25.76	-496.14	-0.56	715.73	-637.23	1243.47	210.65	780.80	0.00	0.00	6.06	161.61	556.67	-0.92	0.00	0.00	0.00	0.00	0.34	0.00
TYR_232_Model_1_24-438.txt	1776.59	-181.19	-25.76	-496.13	-0.56	715.54	-637.27	1243.47	210.66	780.77	0.00	0.00	6.06	161.59	556.54	-0.92	0.00	0.00	0.00	0.00	0.34	0.00
PHE_232_Model_1_24-438.txt	1776.41	-181.19	-25.76	-496.24	-0.56	715.59	-637.46	1243.51	210.70	780.76	0.00	0.00	6.06	161.59	556.70	-0.92	0.00	0.00	0.00	0.00	0.34	0.00
HIS_232_Model_1_24-438.txt	1777.10	-181.61	-26.22	-495.90	-0.56	715.91	-636.59	1243.46	210.93	780.51	0.00	0.00	6.06	161.62	556.61	-0.92	0.00	0.00	0.00	0.00	0.42	0.00
